0.9975691638832036
0.0042912744272688725
0000	1.0152488232818064	1.0	0.0
0001	1.1702488232818067	1.166	0.0
0010	1.5015837255727311	1.509	0.0
0011	1.6544988232818065	1.639	0.0
0100	1.1279563721363444	1.096	0.0
0101	1.2990412744272688	1.299	0.0
0110	1.6137912744272689	1.614	0.0
0111	1.786961079009118	1.812	0.0
1000	1.1475412744272688	1.142	0.0
1001	1.3121261767181933	1.32	0.0
1010	1.6267912744272688	1.623	0.0
1011	1.7892912744272689	1.784	0.0
1100	1.269833725572731	1.281	0.0
1101	1.4313337255727312	1.435	0.0
1110	1.7485837255727312	1.752	0.0
1111	1.9121686278636556	1.935	0.0

1	0001	0.08152122557273114
1	0010	0.24127122557273115
2	0011	-0.0
1	0100	0.06077122557273115
2	0101	0.0021462255727311133
2	0110	0.00039622557273114294
3	0111	0.0005212255727311309
1	1000	0.06677122557273113
2	1001	-0.0
2	1010	-0.0017712255727311303
3	1011	0.0
2	1100	0.0
3	1101	-0.0023962255727311083
3	1110	-0.0
4	1111	0.0
