0.9521174330755008
0.004542332652422251
00000	1.014963661219378	0.997	0.005102041
10000	1.0180846653048445	1.012	0.006632653
01000	1.1295	1.142	0.011734694
00100	1.1109596653048446	1.105	0.008673469
00001	1.038669330609689	1.027	0.008163265
00010	1.0577983265242226	1.0	0.006632653
11000	1.1269596653048446	1.103	0.009183673
10100	1.113	1.118	0.009693878
10001	1.0417903346951554	1.047	0.006632653
10010	1.0609193306096891	1.022	0.009183673
01100	1.2068346653048447	1.205	0.010714286
01001	1.151955669390311	1.149	0.007653061
01010	1.1806653346951557	1.193	0.011734694
00101	1.1268346653048447	1.124	0.006122449
00110	1.180705669390311	1.185	0.011734694
00011	1.0898346653048445	1.075	0.01377551
11100	1.205375	1.197	0.010714286
11001	1.1494153346951554	1.158	0.012755102
11010	1.178125	1.189	0.012244898
10101	1.128875	1.124	0.01377551
10110	1.1827460040854665	1.204	0.010714286
10011	1.092955669390311	1.126	0.010204082
01101	1.2239596653048446	1.201	0.015816327
01110	1.26825	1.28	0.014285714
01011	1.1947903346951554	1.216	0.019897959
00111	1.18825	1.186	0.012244898
11101	1.2225000000000001	1.228	0.010714286
11110	1.2667903346951555	1.277	0.019897959
11011	1.19225	1.19	0.015306122
10111	1.1902903346951557	1.212	0.008163265
01111	1.293705669390311	1.3	0.015816327
11111	1.2922460040854666	1.328	0.015816327

1	00001	0.009895167347577737
1	00010	0.028145167347577743
2	00011	0.0
1	00100	0.04633266734757778
2	00101	-0.0016451673475777273
2	00110	0.004645167347577726
3	00111	-0.0
1	01000	0.05145766734757776
2	01001	-0.0
2	01010	0.0
3	01011	-0.0
2	01100	-0.004082667347577755
3	01101	0.002395167347577748
3	01110	-0.0
4	01111	0.002082667347577773
1	10000	0.00014516734757774336
2	10001	0.0
2	10010	0.0
3	10011	-0.0
2	10100	0.0
3	10101	0.0
3	10110	-0.0
4	10111	0.0
2	11000	-0.0011451673475777573
3	11001	0.0
3	11010	-0.0
4	11011	-0.0
3	11100	0.00027016734757774174
4	11101	0.0
4	11110	0.0
5	11111	0.0
